% NO2 AMF
% Latitude (°)                    :  80.05
% Longitude (°)                   : -86.42
% Wavelength (nm)                 : 437.00
% Year  Fractional day   SZA (°)    NO2 AMF
  2013    243.74200       71.66       3.15
  2013    243.74610       71.67       3.15
  2013    243.74890       71.68       3.15
  2013    243.75160       71.69       3.15
  2013    243.75420       71.71       3.15
  2013    243.75670       71.72       3.16
  2013    243.75900       71.74       3.16
  2013    243.76130       71.76       3.16
  2013    243.76360       71.78       3.17
  2013    243.76610       71.81       3.17
  2013    243.76840       71.83       3.17
  2013    243.77080       71.86       3.18
  2013    243.77320       71.89       3.18
  2013    243.77580       71.93       3.19
  2013    243.77880       71.98       3.19
  2013    243.78190       72.03       3.20
  2013    243.78520       72.09       3.21
  2013    243.78850       72.15       3.22
  2013    243.79180       72.22       3.23
  2013    243.79520       72.29       3.24
  2013    243.79870       72.37       3.25
  2013    243.80210       72.45       3.26
  2013    243.80560       72.54       3.28
  2013    243.80930       72.64       3.29
  2013    243.81300       72.75       3.31
  2013    243.81650       72.85       3.33
  2013    243.81970       72.95       3.34
  2013    243.82250       73.03       3.36
  2013    243.82500       73.12       3.37
  2013    243.82750       73.20       3.39
  2013    243.83000       73.28       3.40
  2013    243.83230       73.37       3.41
  2013    243.83450       73.45       3.43
  2013    243.83670       73.53       3.44
  2013    243.83900       73.61       3.46
  2013    243.84130       73.70       3.47
  2013    243.84380       73.80       3.49
  2013    243.84620       73.89       3.51
  2013    243.84860       73.99       3.53
  2013    243.85110       74.09       3.55
  2013    243.85380       74.21       3.57
  2013    243.85680       74.33       3.59
  2013    243.85980       74.46       3.62
  2013    243.86280       74.60       3.65
  2013    243.86610       74.74       3.68
  2013    243.86990       74.92       3.71
  2013    243.87350       75.09       3.75
  2013    243.87660       75.24       3.79
  2013    243.87970       75.39       3.82
  2013    243.88280       75.55       3.86
  2013    243.88580       75.70       3.89
  2013    243.88890       75.85       3.93
  2013    243.89200       76.02       3.97
  2013    243.89530       76.19       4.01
  2013    243.89880       76.37       4.06
  2013    243.90270       76.58       4.12
  2013    243.90640       76.79       4.18
  2013    243.90950       76.96       4.22
  2013    243.91250       77.13       4.27
  2013    243.91550       77.30       4.32
  2013    243.91850       77.47       4.37
  2013    243.92140       77.63       4.43
  2013    243.92440       77.81       4.48
  2013    243.92750       77.98       4.54
  2013    243.93060       78.17       4.60
  2013    243.93370       78.35       4.66
  2013    243.93670       78.53       4.73
  2013    243.93990       78.72       4.79
  2013    243.94310       78.91       4.87
  2013    243.94620       79.10       4.94
  2013    243.94930       79.29       5.01
  2013    243.95250       79.48       5.09
  2013    243.95570       79.68       5.17
