% O3 AMF
% Latitude (°)                    :  80.05
% Longitude (°)                   : -86.42
% Day number                      :  51.0
% Wavelength (nm)                 : 505.00
% Albedo                          : 0.79
% Altitude of the station (km)    : 0.60
% First column: SZA (°), second column: O3 SCD (molec/cm2), third column: O3 AMF
  91.98 0.3947E+20  18.538
  91.94 0.3844E+20  18.407
  91.90 0.3687E+20  18.242
  91.87 0.3585E+20  18.129
  91.83 0.3448E+20  17.978
  91.79 0.3274E+20  17.805
  91.76 0.3187E+20  17.702
  91.73 0.3073E+20  17.583
  91.69 0.2977E+20  17.459
  91.66 0.2732E+20  17.263
  91.63 0.2635E+20  17.156
  91.52 0.2294E+20  16.774
  91.50 0.2253E+20  16.718
  91.47 0.2145E+20  16.605
  91.45 0.2067E+20  16.527
  91.42 0.1961E+20  16.417
  91.40 0.1938E+20  16.371
  91.38 0.1838E+20  16.281
  91.35 0.1756E+20  16.185
  91.33 0.1647E+20  16.090
  91.31 0.1535E+20  15.994
  91.28 0.1484E+20  15.917
  91.26 0.1421E+20  15.849
  91.24 0.1363E+20  15.784
  91.22 0.1288E+20  15.710
  91.21 0.1181E+20  15.633
  91.19 0.1135E+20  15.575
  91.17 0.1027E+20  15.483
  91.15 0.9900E+19  15.430
  91.14 0.8789E+19  15.352
  91.12 0.8071E+19  15.280
  91.06 0.5618E+19  15.049
  91.05 0.4752E+19  14.985
  91.04 0.4409E+19  14.951
  91.03 0.4289E+19  14.928
  91.01 0.3966E+19  14.880
  91.00 0.3276E+19  14.826
  90.99 0.2852E+19  14.787
  90.98 0.3005E+19  14.780
  90.97 0.2022E+19  14.711
  90.97 0.1982E+19  14.708
  90.96 0.1318E+19  14.656
  90.95 0.1308E+19  14.641
  90.94 0.5659E+18  14.585
  90.94 0.6357E+18  14.588
  90.93 0.4561E+18  14.563
  90.92 0.2149E+18  14.535
  90.92 -.5157E+18  14.495
  90.92 -.5180E+18  14.495
  90.91 -.5806E+18  14.476
  90.91 -.2393E+18  14.495
  90.90 -.3515E+18  14.473
