% O3 AMF
% Latitude (°)                    :  80.05
% Longitude (°)                   : -86.42
% Day number                      : 128.0
% Wavelength (nm)                 : 505.00
% Albedo                          : 0.69
% Altitude of the station (km)    : 0.60
% First column: SZA (°), second column: O3 SCD (molec/cm2), third column: O3 AMF
  82.90 0.1292E+20   6.191
  82.89 0.1324E+20   6.193
  82.87 0.1266E+20   6.173
  82.86 0.1262E+20   6.167
  82.83 0.1266E+20   6.154
  82.81 0.1243E+20   6.141
  82.79 0.1240E+20   6.131
  82.76 0.1198E+20   6.109
  82.73 0.1177E+20   6.092
  82.69 0.1160E+20   6.071
  82.66 0.1420E+20   6.103
  82.62 0.1108E+20   6.030
  82.58 0.1081E+20   6.008
  82.53 0.1037E+20   5.978
  82.49 0.9943E+19   5.954
  82.44 0.9696E+19   5.928
  82.39 0.9111E+19   5.897
  82.34 0.8990E+19   5.873
  82.29 0.8577E+19   5.846
  82.24 0.8297E+19   5.820
  82.18 0.7804E+19   5.787
  82.13 0.7549E+19   5.763
  82.07 0.7169E+19   5.733
  82.00 0.6744E+19   5.698
  81.94 0.6362E+19   5.669
  81.88 0.6147E+19   5.642
  81.81 0.6049E+19   5.613
  81.74 0.5460E+19   5.578
  81.67 0.5014E+19   5.545
  81.60 0.4373E+19   5.510
  81.53 0.4112E+19   5.480
  81.13 0.1559E+19   5.305
  81.05 0.1192E+19   5.273
  80.97 0.7260E+18   5.241
  80.89 0.3553E+18   5.210
